1	0	0	35.320864504461	-0.2482024853181
0	1	0	-35.320913922206	-0.26775285797094
0	0	1	0	0
0	0	0	1	0
0	0	0	0	1

1	0	0	41.711999336382	-0.30157575321005
0	1	0	-31.594781027724	-0.17593517601129
0	0	1	0	0
0	0	0	1	0
0	0	0	0	1

1	0	0	46.219456114857	-0.34612071922483
0	1	0	-19.149858194325	-0.055682612095889
0	0	1	0	0
0	0	0	1	0
0	0	0	0	1

1	0	0	20.703728153457	-0.52671372194316
0	1	0	-9.8760503055113	0.026265680284445
0	0	1	0	0
0	0	0	1	0
0	0	0	0	1

1	0	0	11.998622616914	-0.66677298475654
0	1	0	-17.199622686515	-0.0068563110706329
0	0	1	0	0
0	0	0	1	0
0	0	0	0	1

1	0	0	21.443821993442	-0.63898288718347
0	1	0	-27.89653764218	-0.11928541680803
0	0	1	0	0
0	0	0	1	0
0	0	0	0	1

1	0	0	64.464238051551	0.84453760838263
0	1	0	-77.243369579858	-1.302513878276
0	0	1	0	0
0	0	0	1	0
0	0	0	0	1

1	0	0	32.989338870174	0.27241111829346
0	1	0	-38.837610925994	0.4617343683307
0	0	1	0	0
0	0	0	1	0
0	0	0	0	1

1	0	0	17.599602856583	0.039487140889027
0	1	0	-17.608638081016	0.82871538831938
0	0	1	0	0
0	0	0	1	0
0	0	0	0	1

1	0	0	10.579898428535	-0.0069597321128704
0	1	0	-16.041316909187	0.72054928723541
0	0	1	0	0
0	0	0	1	0
0	0	0	0	1

1	0	0	9.8388177523137	0.015503674091702
0	1	0	-44.211228404791	0.49232339695733
0	0	1	0	0
0	0	0	1	0
0	0	0	0	1

1	0	0	23.143051260084	0.11850086737016
0	1	0	-55.011106319925	0.37341304358768
0	0	1	0	0
0	0	0	1	0
0	0	0	0	1

1	0	0	28.199253758255	0.19855275596109
0	1	0	-44.978642486509	0.32959825926832
0	0	1	0	0
0	0	0	1	0
0	0	0	0	1

1	0	0	31.74091660051	0.24440060814133
0	1	0	-40.246093607346	0.24620656879822
0	0	1	0	0
0	0	0	1	0
0	0	0	0	1

1	0	0	38.768148339229	0.26583232447624
0	1	0	-31.863790972473	0.11815861522141
0	0	1	0	0
0	0	0	1	0
0	0	0	0	1

1	0	0	28.1765535939	0.36320981892682
0	1	0	-12.962909023688	-0.027516656450174
0	0	1	0	0
0	0	0	1	0
0	0	0	0	1

1	0	0	10.501818311851	0.51714329196277
0	1	0	-16.190894715398	-0.032340404116713
0	0	1	0	0
0	0	0	1	0
0	0	0	0	1

1	0	0	12.988437619324	0.5714964310061
0	1	0	-26.51975139444	0.053218892749049
0	0	1	0	0
0	0	0	1	0
0	0	0	0	1

1	0	0	30.145141817208	0.20127057671381
0	1	0	-52.73667815693	0.49640860178962
0	0	1	0	0
0	0	0	1	0
0	0	0	0	1

1	0	0	47.557166337707	-0.73928033397949
0	1	0	-82.345760488196	0.7465507638723
0	0	1	0	0
0	0	0	1	0
0	0	0	0	1

1	0	0	18.280980993776	-0.075570426350289
0	1	0	-28.641110335104	-0.96163481801509
0	0	1	0	0
0	0	0	1	0
0	0	0	0	1

1	0	0	11.369782514966	-0.013026612704049
0	1	0	-16.994426739651	-0.94059227698343
0	0	1	0	0
0	0	0	1	0
0	0	0	0	1

1	0	0	6.6812009029719	-0.0033542020233729
0	1	0	-33.449615904547	-0.7156438314749
0	0	1	0	0
0	0	0	1	0
0	0	0	0	1

1	0	0	14.547883743581	-0.070942407531669
0	1	0	-67.675430334749	-0.4794334281088
0	0	1	0	0
0	0	0	1	0
0	0	0	0	1

1	0	0	22.300128629969	-0.14824014087502
0	1	0	-58.812196287626	-0.41441659671061
0	0	1	0	0
0	0	0	1	0
0	0	0	0	1

1	0	0	24.786693663836	-0.19615433141186
0	1	0	-50.375820345761	-0.33154139726458
0	0	1	0	0
0	0	0	1	0
0	0	0	0	1

1	0	0	29.595139285106	-0.21601821313995
0	1	0	-44.621759224342	-0.19572082442178
0	0	1	0	0
0	0	0	1	0
0	0	0	0	1

1	0	0	31.220756919437	-0.24955580103399
0	1	0	-24.964738015866	-0.01269988496403
0	0	1	0	0
0	0	0	1	0
0	0	0	0	1

1	0	0	12.848303515062	-0.38334693733544
0	1	0	-14.850617942176	0.077027113500273
0	0	1	0	0
0	0	0	1	0
0	0	0	0	1

1	0	0	8.5782547710604	-0.46693369922408
0	1	0	-25.970703414385	0.003811739384595
0	0	1	0	0
0	0	0	1	0
0	0	0	0	1

1	0	0	16.12440050955	-0.41239479803459
0	1	0	-42.809515025786	-0.19484796190074
0	0	1	0	0
0	0	0	1	0
0	0	0	0	1

1	0	0	49.024569200967	0.78470630374249
0	1	0	-121.99402618233	-2.1312411872226
0	0	1	0	0
0	0	0	1	0
0	0	0	0	1

1	0	0	20.878575011693	0.15302120424902
0	1	0	-50.55382941793	0.8469052183992
0	0	1	0	0
0	0	0	1	0
0	0	0	0	1

1	0	0	11.694574349447	0.030520361887884
0	1	0	-24.089167413374	1.1847133244404
0	0	1	0	0
0	0	0	1	0
0	0	0	0	1

1	0	0	6.9044767812818	0.0075966432594505
0	1	0	-25.177032673233	0.99079416125255
0	0	1	0	0
0	0	0	1	0
0	0	0	0	1

1	0	0	7.6076826185703	0.035823901924427
0	1	0	-69.038337701138	0.6635155614629
0	0	1	0	0
0	0	0	1	0
0	0	0	0	1

1	0	0	16.732176660819	0.10580485639461
0	1	0	-78.203089523745	0.51815511752239
0	0	1	0	0
0	0	0	1	0
0	0	0	0	1

1	0	0	19.720813311147	0.15403768339274
0	1	0	-64.210244491321	0.43516235278427
0	0	1	0	0
0	0	0	1	0
0	0	0	0	1

1	0	0	22.241127720822	0.17631042215794
0	1	0	-58.145623604285	0.29378457158821
0	0	1	0	0
0	0	0	1	0
0	0	0	0	1

1	0	0	26.910401224827	0.18423526767491
0	1	0	-45.304932738701	0.097655964751681
0	0	1	0	0
0	0	0	1	0
0	0	0	0	1

1	0	0	18.085382596884	0.25919051444732
0	1	0	-20.588141318434	-0.095098466100184
0	0	1	0	0
0	0	0	1	0
0	0	0	0	1

1	0	0	7.6003159405411	0.36243805175118
0	1	0	-27.937712243262	-0.058663616465531
0	0	1	0	0
0	0	0	1	0
0	0	0	0	1

1	0	0	8.9987190702817	0.41189911411851
0	1	0	-45.674176669325	0.13335797373217
0	0	1	0	0
0	0	0	1	0
0	0	0	0	1

1	0	0	22.826555574237	-0.075881722650863
0	1	0	-113.70438582901	1.8993358919408
0	0	1	0	0
0	0	0	1	0
0	0	0	0	1

1	0	0	9.3865091370096	-0.23254821317183
0	1	0	-115.69435249125	0.28483487658658
0	0	1	0	0
0	0	0	1	0
0	0	0	0	1

1	0	0	-16.573686643809	0.051334377827816
0	1	0	-112.94358070609	-1.172650630263
0	0	1	0	0
0	0	0	1	0
0	0	0	0	1

1	0	0	-46.749343400164	0.050645670354745
0	1	0	-129.094313994	-1.0985909723233
0	0	1	0	0
0	0	0	1	0
0	0	0	0	1

1	0	0	-55.487973787427	-0.085756108759625
0	1	0	-88.983993463628	-0.84438686179415
0	0	1	0	0
0	0	0	1	0
0	0	0	0	1

1	0	0	-43.126811553806	-0.22818827643629
0	1	0	-25.77814278076	-0.44535991299028
0	0	1	0	0
0	0	0	1	0
0	0	0	0	1

1	0	0	-27.522787558945	-0.27416888128115
0	1	0	27.522826066279	-0.21651093293859
0	0	1	0	0
0	0	0	1	0
0	0	0	0	1

1	0	0	25.778105978434	-0.43338456205191
0	1	0	43.126870661427	-0.29191834326541
0	0	1	0	0
0	0	0	1	0
0	0	0	0	1

1	0	0	88.983863884481	-0.82208214424012
0	1	0	55.488048252218	-0.13853032569667
0	0	1	0	0
0	0	0	1	0
0	0	0	0	1

1	0	0	129.09412231985	-1.0941291475561
0	1	0	46.749404802841	0.01126745487901
0	0	1	0	0
0	0	0	1	0
0	0	0	0	1

1	0	0	112.94340978703	-1.1940196260415
0	1	0	16.57370793921	0.029486397958478
0	0	1	0	0
0	0	0	1	0
0	0	0	0	1

1	0	0	115.69417410597	0.21999608888639
0	1	0	-9.3865209296245	-0.23703631609085
0	0	1	0	0
0	0	0	1	0
0	0	0	0	1

1	0	0	113.70420726537	1.8667171394544
0	1	0	-22.826583600359	-0.087666222874662
0	0	1	0	0
0	0	0	1	0
0	0	0	0	1

1	0	0	45.674103637539	0.11262281953784
0	1	0	-8.9987298618597	0.4030902190355
0	0	1	0	0
0	0	0	1	0
0	0	0	0	1

1	0	0	27.937666773902	-0.092435502506685
0	1	0	-7.6003248380846	0.36001142652633
0	0	1	0	0
0	0	0	1	0
0	0	0	0	1

1	0	0	20.588107222833	-0.14760768114564
0	1	0	-18.085403252659	0.25899796886984
0	0	1	0	0
0	0	0	1	0
0	0	0	0	1

1	0	0	45.304856416535	0.041458806228528
0	1	0	-26.910431191491	0.18347094918743
0	0	1	0	0
0	0	0	1	0
0	0	0	0	1

1	0	0	58.145523990034	0.24535958261307
0	1	0	-22.241151852858	0.18117333113452
0	0	1	0	0
0	0	0	1	0
0	0	0	0	1

1	0	0	64.210132653849	0.40190584723656
0	1	0	-19.720834145502	0.16547201862345
0	0	1	0	0
0	0	0	1	0
0	0	0	0	1

1	0	0	78.20295108146	0.50181717525982
0	1	0	-16.732193860025	0.1221288094775
0	0	1	0	0
0	0	0	1	0
0	0	0	0	1

1	0	0	69.038213511908	0.64628805849105
0	1	0	-7.6076902213834	0.054534134895122
0	0	1	0	0
0	0	0	1	0
0	0	0	0	1

1	0	0	25.176986664796	0.96477872070194
0	1	0	-6.9044834841889	0.021200363973543
0	0	1	0	0
0	0	0	1	0
0	0	0	0	1

1	0	0	24.089122705082	1.1729797233034
0	1	0	-11.694585368691	0.038002773981571
0	0	1	0	0
0	0	0	1	0
0	0	0	0	1

1	0	0	50.553734149076	0.86421341242665
0	1	0	-20.878594088436	0.15585730191461
0	0	1	0	0
0	0	0	1	0
0	0	0	0	1

1	0	0	121.99379280082	-2.0873429244755
0	1	0	-49.024612594869	0.78934787132714
0	0	1	0	0
0	0	0	1	0
0	0	0	0	1

1	0	0	42.809431906363	-0.17949871046911
0	1	0	-16.124414321571	-0.39959217732078
0	0	1	0	0
0	0	0	1	0
0	0	0	0	1

1	0	0	25.970652247836	0.026337544109142
0	1	0	-8.5782618741795	-0.46282302034368
0	0	1	0	0
0	0	0	1	0
0	0	0	0	1

1	0	0	14.850588259995	0.11461573956155
0	1	0	-12.8483137871	-0.38529851684506
0	0	1	0	0
0	0	0	1	0
0	0	0	0	1

1	0	0	24.96468740561	0.035392443692994
0	1	0	-31.220780988563	-0.24951885264381
0	0	1	0	0
0	0	0	1	0
0	0	0	0	1

1	0	0	44.621667489936	-0.15186735815643
0	1	0	-29.595161255956	-0.21935995661415
0	0	1	0	0
0	0	0	1	0
0	0	0	0	1

1	0	0	50.375715343634	-0.29824723877725
0	1	0	-24.786711357257	-0.2072259332515
0	0	1	0	0
0	0	0	1	0
0	0	0	0	1

1	0	0	58.812072021657	-0.39597681218298
0	1	0	-22.300143911672	-0.16605744868027
0	0	1	0	0
0	0	0	1	0
0	0	0	0	1

1	0	0	67.675285409032	-0.47020392748754
0	1	0	-14.547893297485	-0.093087540631469
0	0	1	0	0
0	0	0	1	0
0	0	0	0	1

1	0	0	33.449543317689	-0.696737357164
0	1	0	-6.6812050998838	-0.023377723692722
0	0	1	0	0
0	0	0	1	0
0	0	0	0	1

1	0	0	16.994389375884	-0.92702487721098
0	1	0	-11.369789332459	-0.025054151369586
0	0	1	0	0
0	0	0	1	0
0	0	0	0	1

1	0	0	28.641046547302	-0.96598414414471
0	1	0	-18.280991433361	-0.081898723555993
0	0	1	0	0
0	0	0	1	0
0	0	0	0	1

1	0	0	82.345574741348	0.70786828149076
0	1	0	-47.557192137903	-0.73883628782696
0	0	1	0	0
0	0	0	1	0
0	0	0	0	1

1	0	0	52.73655769332	0.48363235253267
0	1	0	-30.14515731049	0.18382010697721
0	0	1	0	0
0	0	0	1	0
0	0	0	0	1

1	0	0	26.519690059549	0.038267560597069
0	1	0	-12.988443923952	0.56372318553572
0	0	1	0	0
0	0	0	1	0
0	0	0	0	1

1	0	0	16.190856806788	-0.057589133960807
0	1	0	-10.501823109605	0.51886101981341
0	0	1	0	0
0	0	0	1	0
0	0	0	0	1

1	0	0	12.962878302797	-0.065719107843008
0	1	0	-28.176565661822	0.36615348507872
0	0	1	0	0
0	0	0	1	0
0	0	0	0	1

1	0	0	31.863714548461	0.079618233893339
0	1	0	-38.768163836538	0.26756037194882
0	0	1	0	0
0	0	0	1	0
0	0	0	0	1

1	0	0	40.245995929587	0.21457486888775
0	1	0	-31.740928382425	0.25425748329976
0	0	1	0	0
0	0	0	1	0
0	0	0	0	1

1	0	0	44.978532038525	0.30958669285728
0	1	0	-28.199263420362	0.21735682313312
0	0	1	0	0
0	0	0	1	0
0	0	0	0	1

1	0	0	55.010969665836	0.36516095762653
0	1	0	-23.14305852894	0.14353020533617
0	0	1	0	0
0	0	0	1	0
0	0	0	0	1

1	0	0	44.211117316498	0.48225084143055
0	1	0	-9.8388205615981	0.042513418751491
0	0	1	0	0
0	0	0	1	0
0	0	0	0	1

1	0	0	16.041276144615	0.7075743482929
0	1	0	-10.579901147335	0.011710398807353
0	0	1	0	0
0	0	0	1	0
0	0	0	0	1

1	0	0	17.608592830711	0.8274854533225
0	1	0	-17.599606876759	0.049918971753139
0	0	1	0	0
0	0	0	1	0
0	0	0	0	1

1	0	0	38.837510013003	0.4801789313922
0	1	0	-32.98934546379	0.27736541308849
0	0	1	0	0
0	0	0	1	0
0	0	0	0	1

1	0	0	77.243166670441	-1.2860384908805
0	1	0	-64.464249095443	0.86214868065481
0	0	1	0	0
0	0	0	1	0
0	0	0	0	1

1	0	0	27.896463564667	-0.10921609862718
0	1	0	-21.44382505485	-0.62585720972441
0	0	1	0	0
0	0	0	1	0
0	0	0	0	1

1	0	0	17.199576522884	0.0096329220082542
0	1	0	-11.998623987288	-0.66646222199769
0	0	1	0	0
0	0	0	1	0
0	0	0	0	1

1	0	0	9.8760235162783	0.053798415782538
0	1	0	-20.7037299269	-0.53329843068231
0	0	1	0	0
0	0	0	1	0
0	0	0	0	1

1	0	0	19.149805702695	-0.022577715166744
0	1	0	-46.219458754241	-0.34819481386491
0	0	1	0	0
0	0	0	1	0
0	0	0	0	1

1	0	0	31.594693521226	-0.147210501385
0	1	0	-41.712000527374	-0.30946679298474
0	0	1	0	0
0	0	0	1	0
0	0	0	0	1

1	0	0	35.320864504461	-0.2482024853181
0	1	0	-35.320913922206	-0.26775285797094
0	0	1	0	0
0	0	0	1	0
0	0	0	0	1

1	0	0	42.704849080829	-0.29761285254895
0	1	0	-30.896002276147	-0.19733690848249
0	0	1	0	0
0	0	0	1	0
0	0	0	0	1

1	0	0	46.723154395347	-0.36056495450766
0	1	0	-17.230962334626	-0.076515558749591
0	0	1	0	0
0	0	0	1	0
0	0	0	0	1

1	0	0	19.079476672686	-0.56340654962891
0	1	0	-9.9148615730625	3.1166017979554e-05
0	0	1	0	0
0	0	0	1	0
0	0	0	0	1

1	0	0	13.383739071374	-0.71766469327475
0	1	0	-17.367184717385	-0.030033030293049
0	0	1	0	0
0	0	0	1	0
0	0	0	0	1

1	0	0	27.033926995863	-0.63018632029009
0	1	0	-29.300821317522	-0.169623699184
0	0	1	0	0
0	0	0	1	0
0	0	0	0	1

1	0	0	81.025128611768	1.411638906531
0	1	0	-81.024958568455	-1.4369541245271
0	0	1	0	0
0	0	0	1	0
0	0	0	0	1

1	0	0	29.300886225971	0.15768247066204
0	1	0	-27.033873413027	0.60943452199504
0	0	1	0	0
0	0	0	1	0
0	0	0	0	1

1	0	0	17.367225214712	0.0087994549683305
0	1	0	-13.383714104433	0.71969941851475
0	0	1	0	0
0	0	0	1	0
0	0	0	0	1

1	0	0	9.9148858487061	-0.037654918782908
0	1	0	-19.079443304962	0.57769903369314
0	0	1	0	0
0	0	0	1	0
0	0	0	0	1

1	0	0	17.231006532081	0.028666976633306
0	1	0	-46.723078129629	0.36671884101047
0	0	1	0	0
0	0	0	1	0
0	0	0	0	1

1	0	0	30.896085126647	0.15574982658991
0	1	0	-42.70478435312	0.31122832081896
0	0	1	0	0
0	0	0	1	0
0	0	0	0	1

1	0	0	35.320864503734	0.24859886512889
0	1	0	-35.320815086332	0.26797915334535
0	0	1	0	0
0	0	0	1	0
0	0	0	0	1

1	0	0	42.704849080415	0.30276289461576
0	1	0	-30.89604550213	0.18341724788128
0	0	1	0	0
0	0	0	1	0
0	0	0	0	1

1	0	0	46.72315439487	0.36326304130662
0	1	0	-17.230986442115	0.060254041037239
0	0	1	0	0
0	0	0	1	0
0	0	0	0	1

1	0	0	19.079476672482	0.56922435376435
0	1	0	-9.9148754447325	-0.012916150273976
0	0	1	0	0
0	0	0	1	0
0	0	0	0	1

1	0	0	13.383739071231	0.7195383426476
0	1	0	-17.367209015624	0.022810316882407
0	0	1	0	0
0	0	0	1	0
0	0	0	0	1

1	0	0	27.033926995576	0.62411595247265
0	1	0	-29.300862312083	0.16581157500563
0	0	1	0	0
0	0	0	1	0
0	0	0	0	1

1	0	0	81.025128610902	-1.4226061881394
0	1	0	-81.025071929995	1.4306342236476
0	0	1	0	0
0	0	0	1	0
0	0	0	0	1

1	0	0	29.300886225686	-0.16201038879638
0	1	0	-27.033911235954	-0.61753792429802
0	0	1	0	0
0	0	0	1	0
0	0	0	0	1

1	0	0	17.367225214591	-0.016050619415387
0	1	0	-13.383732829503	-0.72017951924157
0	0	1	0	0
0	0	0	1	0
0	0	0	0	1

1	0	0	9.9148858487262	0.024894784315815
0	1	0	-19.079469998899	-0.57374905960642
0	0	1	0	0
0	0	0	1	0
0	0	0	0	1

1	0	0	17.231006532127	-0.044986425610531
0	1	0	-46.723143499624	-0.36521106088987
0	0	1	0	0
0	0	0	1	0
0	0	0	0	1

1	0	0	30.896085126729	-0.17004105787832
0	1	0	-42.704844101145	-0.30707445491108
0	0	1	0	0
0	0	0	1	0
0	0	0	0	1

1	0	0	35.320864504461	-0.2482024853181
0	1	0	-35.320913922206	-0.26775285797094
0	0	1	0	0
0	0	0	1	0
0	0	0	0	1

